0.922026 0.023790 0.021475 0.000010 0.000010 0.032689
0.894790 0.023839 0.013404 0.016982 0.027811 0.023175
0.939590 0.017821 0.000010 0.006198 0.000010 0.036372
0.972903 0.000010 0.000010 0.000010 0.001375 0.025692
0.893055 0.019974 0.041336 0.004293 0.000010 0.041332
0.908444 0.028069 0.031993 0.008386 0.000010 0.023098
0.894474 0.042977 0.004241 0.009096 0.000010 0.049203
0.000010 0.000010 0.000010 0.999950 0.000010 0.000010
0.000010 0.000010 0.999950 0.000010 0.000010 0.000010
0.000010 0.000010 0.999950 0.000010 0.000010 0.000010
0.000010 0.000015 0.999945 0.000010 0.000010 0.000010
0.000010 0.000010 0.999950 0.000010 0.000010 0.000010
0.000010 0.000010 0.999950 0.000010 0.000010 0.000010
0.000010 0.000010 0.999950 0.000010 0.000010 0.000010
0.000010 0.000010 0.999950 0.000010 0.000010 0.000010
0.000010 0.000010 0.999950 0.000010 0.000010 0.000010
0.011142 0.051698 0.937130 0.000010 0.000010 0.000010
0.266145 0.380164 0.131972 0.073756 0.026743 0.121219
0.446412 0.235507 0.122083 0.042417 0.063770 0.089810
0.288279 0.499387 0.126085 0.004476 0.051002 0.030770
0.369944 0.392254 0.088300 0.030172 0.031176 0.088155
0.000010 0.999950 0.000010 0.000010 0.000010 0.000010
0.000010 0.000016 0.000010 0.999944 0.000010 0.000010
0.061021 0.000010 0.045185 0.312865 0.580909 0.000010
0.000010 0.999950 0.000010 0.000010 0.000010 0.000010
0.399466 0.060153 0.040218 0.044742 0.393861 0.061559
0.000012 0.000010 0.000010 0.000010 0.999948 0.000010
0.380583 0.043545 0.109432 0.072723 0.272300 0.121417
0.274409 0.606696 0.073532 0.012692 0.000010 0.032660
0.000010 0.999950 0.000010 0.000010 0.000010 0.000010
0.000011 0.507400 0.000010 0.000011 0.492558 0.000010
0.000010 0.999950 0.000010 0.000010 0.000010 0.000010
0.000010 0.000010 0.000010 0.000010 0.999950 0.000010
0.101856 0.868238 0.029876 0.000010 0.000010 0.000010
0.291059 0.075520 0.028973 0.180235 0.343507 0.080707
0.000010 0.000010 0.000010 0.000013 0.999947 0.000010
0.000010 0.999950 0.000010 0.000010 0.000010 0.000010
0.233455 0.045993 0.000010 0.601811 0.075442 0.043290
0.000010 0.999950 0.000010 0.000010 0.000010 0.000010
0.171671 0.677231 0.070289 0.012338 0.002059 0.066412
0.224189 0.047943 0.000010 0.687028 0.004539 0.036290
0.000011 0.000010 0.000010 0.000010 0.000010 0.999949
0.000010 0.000010 0.000010 0.000010 0.000010 0.999950
0.000019 0.000010 0.000013 0.000010 0.000010 0.999938
0.000015 0.000010 0.000010 0.000010 0.000010 0.999945
0.373312 0.426283 0.121712 0.024620 0.013859 0.040213
0.258233 0.485949 0.060360 0.067971 0.021086 0.106401
0.000010 0.000010 0.000010 0.000010 0.000010 0.999950
0.439842 0.115704 0.014107 0.279200 0.034874 0.116272
0.136031 0.000010 0.000010 0.863929 0.000010 0.000010
0.000010 0.999940 0.000010 0.000020 0.000010 0.000010
0.300116 0.627854 0.000010 0.000010 0.018457 0.053552
0.360588 0.064757 0.008017 0.228423 0.280324 0.057891
0.146293 0.000010 0.015227 0.277554 0.521277 0.039640
0.060758 0.000010 0.043414 0.313078 0.582730 0.000010
0.921729 0.000679 0.031595 0.000010 0.011816 0.034171
0.948993 0.000010 0.004141 0.007759 0.000010 0.039086
0.909516 0.010714 0.027155 0.000010 0.000010 0.052596
0.961498 0.000010 0.021122 0.000010 0.010006 0.007353
0.952269 0.000010 0.047691 0.000010 0.000010 0.000010
0.876335 0.028411 0.018614 0.032336 0.017325 0.026978
0.075132 0.000010 0.025337 0.010657 0.000010 0.888855
0.000010 0.000010 0.000010 0.000010 0.002964 0.996996
0.311896 0.048427 0.044571 0.000010 0.027178 0.567918
0.415337 0.023937 0.080631 0.442328 0.000010 0.037757
0.444950 0.025904 0.000010 0.467904 0.025812 0.035419
0.510650 0.072881 0.067389 0.238120 0.019154 0.091806
0.583709 0.085360 0.053044 0.162900 0.043102 0.071885
0.606902 0.103043 0.075827 0.107532 0.018431 0.088265
0.673203 0.094703 0.000010 0.054228 0.054805 0.123050
0.000010 0.000010 0.000011 0.999949 0.000010 0.000010
0.283297 0.065252 0.042085 0.520598 0.030572 0.058196
0.409350 0.041072 0.038821 0.443993 0.016546 0.050218
0.604765 0.120876 0.060969 0.026139 0.084371 0.102880
0.426883 0.018100 0.047701 0.459692 0.013798 0.033827
0.211748 0.039882 0.105607 0.581090 0.018768 0.042904
0.440263 0.115104 0.015428 0.279265 0.034140 0.115801
0.135786 0.000010 0.000010 0.864174 0.000010 0.000010
0.795937 0.053387 0.016916 0.020081 0.016347 0.097331
0.760167 0.098588 0.006134 0.000010 0.027520 0.107581
0.746737 0.085219 0.000010 0.016218 0.042368 0.109449
0.700432 0.107710 0.011896 0.025876 0.021247 0.132839
0.808354 0.082498 0.003570 0.011199 0.014373 0.080006
0.756067 0.080802 0.011266 0.045256 0.027554 0.079055
0.741336 0.058303 0.000010 0.029297 0.032315 0.138741
0.766310 0.083662 0.012310 0.022337 0.008274 0.107107
0.539713 0.069511 0.118542 0.023086 0.029610 0.219537
0.517646 0.045082 0.188690 0.012720 0.020058 0.215803
0.602913 0.033805 0.142947 0.020521 0.012061 0.187754
0.606440 0.071878 0.100359 0.008242 0.011259 0.201823
0.512472 0.005383 0.221920 0.000010 0.008211 0.252003
0.515596 0.004758 0.219745 0.000010 0.006887 0.253005
0.779031 0.050251 0.054866 0.011839 0.000479 0.103534
0.660219 0.107302 0.035026 0.029381 0.029675 0.138397
0.807496 0.049622 0.031785 0.000010 0.002616 0.108471
0.741941 0.075459 0.021804 0.019351 0.008166 0.133280
0.809317 0.041211 0.019342 0.000010 0.006259 0.123861
0.659362 0.068324 0.068706 0.043350 0.040173 0.120086
0.675325 0.027967 0.022607 0.030297 0.037074 0.206731
0.822302 0.021826 0.051460 0.007295 0.005088 0.092028
0.912741 0.010582 0.000010 0.000010 0.000010 0.076646
0.912379 0.010173 0.000010 0.000010 0.000010 0.077418
0.872182 0.029046 0.000010 0.006254 0.009732 0.082775
0.909574 0.039496 0.000010 0.000573 0.004308 0.046040
0.859347 0.068585 0.000010 0.000010 0.004572 0.067475
0.810808 0.094139 0.000010 0.013388 0.002160 0.079494
0.896745 0.051183 0.000010 0.003669 0.006193 0.042200
0.857260 0.037500 0.000010 0.010260 0.012026 0.082943
0.859756 0.025854 0.000010 0.011763 0.037353 0.065264
0.865510 0.039154 0.000279 0.000010 0.000116 0.094931
0.867965 0.045669 0.008278 0.011215 0.001371 0.065502
0.826873 0.059707 0.000010 0.021936 0.000010 0.091464
0.804940 0.071944 0.000010 0.000010 0.017341 0.105755
0.813893 0.069831 0.004148 0.010467 0.014649 0.087011
0.851974 0.056395 0.002732 0.004066 0.000010 0.084822
0.748999 0.068571 0.032631 0.038236 0.017733 0.093831
0.837440 0.064987 0.000010 0.007094 0.000010 0.090459
0.803135 0.070124 0.000010 0.001583 0.020093 0.105055
0.000010 0.000010 0.000015 0.999945 0.000010 0.000010
0.000010 0.000010 0.000011 0.999949 0.000010 0.000010
0.000010 0.000010 0.000015 0.999945 0.000010 0.000010
0.277226 0.014667 0.047823 0.620691 0.032634 0.006958
0.486468 0.034602 0.184568 0.043702 0.037953 0.212708
0.000010 0.000010 0.000020 0.999940 0.000010 0.000010
0.578079 0.078414 0.088690 0.049125 0.042915 0.162777
0.563745 0.102547 0.078305 0.011660 0.033854 0.209890
0.592211 0.059128 0.108626 0.027634 0.018843 0.193559
0.599568 0.066140 0.105952 0.026102 0.038021 0.164216
0.815231 0.046696 0.005332 0.008677 0.014151 0.109913
0.177516 0.052664 0.050766 0.079714 0.539558 0.099781
0.328440 0.051371 0.007346 0.006337 0.541023 0.065483
0.273082 0.012952 0.068943 0.077633 0.503156 0.064233
0.161312 0.587507 0.006995 0.218386 0.000010 0.025789
0.662770 0.066598 0.041970 0.041194 0.023171 0.164297
0.690349 0.104050 0.006376 0.015651 0.032449 0.151124
0.753521 0.051180 0.000010 0.045345 0.002168 0.147776
0.778021 0.050169 0.000010 0.022192 0.012154 0.137454
0.723940 0.081102 0.044796 0.017533 0.021467 0.111163
0.999950 0.000010 0.000010 0.000010 0.000010 0.000010
0.999950 0.000010 0.000010 0.000010 0.000010 0.000010
0.999950 0.000010 0.000010 0.000010 0.000010 0.000010
0.840489 0.056813 0.000010 0.019044 0.000010 0.083634
0.888281 0.055215 0.000010 0.000010 0.000010 0.056474
0.870362 0.080873 0.000010 0.000010 0.000486 0.048258
0.871710 0.081173 0.001756 0.000010 0.010763 0.034588
0.836039 0.071178 0.000010 0.000010 0.016131 0.076632
0.824483 0.071690 0.000010 0.013784 0.006353 0.083681
0.830905 0.049046 0.027342 0.000010 0.008413 0.084284
0.799412 0.064566 0.000010 0.004314 0.032817 0.098881
0.794977 0.040246 0.038043 0.000682 0.012892 0.113160
0.778024 0.019604 0.099695 0.001358 0.000010 0.101309
0.845789 0.056702 0.000010 0.020782 0.000010 0.076707
0.809186 0.044044 0.015806 0.034176 0.002064 0.094723
0.809204 0.075704 0.000014 0.000010 0.012393 0.102676
0.787968 0.072994 0.000010 0.032709 0.025549 0.080770
0.730557 0.094796 0.000010 0.010727 0.046444 0.117465
0.805147 0.045496 0.000010 0.032016 0.020977 0.096354
0.761090 0.084054 0.000010 0.038068 0.013709 0.103069
0.805830 0.065050 0.003096 0.035477 0.015510 0.075037
0.099024 0.868196 0.032750 0.000010 0.000010 0.000010
0.038703 0.684674 0.110470 0.039450 0.116786 0.009917
0.000010 0.510992 0.000400 0.000010 0.488578 0.000010
0.000010 0.940859 0.000010 0.000010 0.005338 0.053773
0.000010 0.997008 0.000010 0.000010 0.002952 0.000010
0.101195 0.868587 0.030182 0.000010 0.000017 0.000010
0.000019 0.000017 0.000010 0.000010 0.000010 0.999934
0.000010 0.000010 0.000010 0.000010 0.000010 0.999950
0.252710 0.172343 0.000010 0.000010 0.552235 0.022692
0.228069 0.048436 0.077872 0.576304 0.000010 0.069309
0.228336 0.048525 0.076898 0.576476 0.000010 0.069755
0.000010 0.000010 0.000010 0.000010 0.999950 0.000010
0.000010 0.000010 0.000010 0.000010 0.999950 0.000010
0.000010 0.998831 0.000010 0.000010 0.001129 0.000010
0.386715 0.434014 0.047006 0.002383 0.003319 0.126563
0.384955 0.435760 0.043676 0.006178 0.003279 0.126152
0.137037 0.000010 0.000010 0.862923 0.000010 0.000010
0.000010 0.000010 0.000010 0.999950 0.000010 0.000010
0.306847 0.480303 0.100125 0.009981 0.023211 0.079534
0.000010 0.999808 0.000010 0.000010 0.000152 0.000010
0.348084 0.436841 0.067703 0.016180 0.041443 0.089749
0.000010 0.999950 0.000010 0.000010 0.000010 0.000010
0.000010 0.999950 0.000010 0.000010 0.000010 0.000010
0.000010 0.000011 0.000010 0.000010 0.999949 0.000010
0.000010 0.000010 0.000010 0.000010 0.999950 0.000010
0.000010 0.000010 0.000019 0.999941 0.000010 0.000010
0.000010 0.000010 0.000010 0.999943 0.000017 0.000010
0.872683 0.022874 0.016671 0.000010 0.005590 0.082172
0.000010 0.000010 0.000010 0.999950 0.000010 0.000010
0.867434 0.050244 0.004846 0.000010 0.009175 0.068291
0.894216 0.000010 0.105744 0.000010 0.000010 0.000010
0.934967 0.000010 0.064567 0.000010 0.000435 0.000010
0.930729 0.006255 0.058246 0.000010 0.004749 0.000010
0.882327 0.002805 0.114838 0.000010 0.000010 0.000010
0.853681 0.000010 0.146279 0.000010 0.000010 0.000010
0.929826 0.000010 0.070134 0.000010 0.000010 0.000010
0.867009 0.000010 0.132951 0.000010 0.000010 0.000010
0.903123 0.004158 0.083339 0.000010 0.000010 0.009361
0.893023 0.000010 0.103670 0.000010 0.000010 0.003278
0.898715 0.000010 0.101245 0.000010 0.000010 0.000010
0.918023 0.000010 0.070736 0.009385 0.001836 0.000010
0.000010 0.000014 0.000016 0.000010 0.999940 0.000010
0.000010 0.000010 0.000013 0.999947 0.000010 0.000010
0.000010 0.000012 0.000010 0.000014 0.999945 0.000010
0.902865 0.011147 0.013431 0.000010 0.025637 0.046910
0.827247 0.044754 0.053314 0.000010 0.000010 0.074665
0.896353 0.015582 0.047847 0.000010 0.008437 0.031771
0.886150 0.036006 0.032625 0.007973 0.000010 0.037236
0.890832 0.024166 0.060333 0.000010 0.001092 0.023566
0.904475 0.019720 0.019469 0.000010 0.000010 0.056316
0.678707 0.000010 0.321253 0.000010 0.000010 0.000010
0.489637 0.000010 0.510323 0.000010 0.000010 0.000010
0.537697 0.000010 0.462263 0.000010 0.000010 0.000010
0.388128 0.000010 0.611832 0.000010 0.000010 0.000010
0.412307 0.000010 0.587653 0.000010 0.000010 0.000010
0.494869 0.000010 0.505091 0.000010 0.000010 0.000010
0.530704 0.000010 0.469256 0.000010 0.000010 0.000010
0.106910 0.032319 0.734220 0.027595 0.023166 0.075790
0.135957 0.023951 0.720983 0.024237 0.034003 0.060870
0.087187 0.013138 0.777879 0.034924 0.028384 0.058488
0.959354 0.000010 0.031898 0.000010 0.002230 0.006498
0.937317 0.021011 0.009457 0.000010 0.012263 0.019943
0.963516 0.000010 0.036444 0.000010 0.000010 0.000010
0.970395 0.006570 0.023006 0.000010 0.000010 0.000010
0.893865 0.014369 0.022434 0.000010 0.001498 0.067824
0.951114 0.017715 0.015614 0.000010 0.008263 0.007284
