0.915105 0.000010 0.024220 0.021120 0.032004 0.000010 0.007532
0.879337 0.027121 0.033688 0.012800 0.021801 0.016637 0.008617
0.929483 0.000010 0.018221 0.000010 0.034478 0.006537 0.011260
0.971428 0.003393 0.000010 0.000010 0.025139 0.000010 0.000010
0.885149 0.000010 0.019543 0.040166 0.040083 0.004277 0.010772
0.899492 0.000010 0.028499 0.030877 0.020290 0.008172 0.012660
0.881308 0.000010 0.059914 0.003545 0.047057 0.008156 0.000010
0.000010 0.000010 0.000010 0.000010 0.000010 0.999940 0.000010
0.000010 0.000010 0.000010 0.999940 0.000010 0.000010 0.000010
0.000010 0.000010 0.000010 0.999940 0.000010 0.000010 0.000010
0.000010 0.000010 0.000010 0.999933 0.000017 0.000010 0.000010
0.000010 0.000010 0.000010 0.999939 0.000010 0.000011 0.000010
0.000010 0.000010 0.000010 0.999937 0.000010 0.000013 0.000010
0.000013 0.000011 0.000010 0.999935 0.000010 0.000012 0.000010
0.000010 0.000016 0.000014 0.999921 0.000010 0.000018 0.000010
0.000010 0.000010 0.000010 0.999940 0.000010 0.000010 0.000010
0.012216 0.000010 0.000010 0.938090 0.000010 0.000010 0.049654
0.219441 0.019174 0.358536 0.131951 0.112990 0.064978 0.092931
0.414868 0.055509 0.224447 0.124634 0.084983 0.038176 0.057383
0.227986 0.044093 0.426301 0.127433 0.019865 0.000010 0.154312
0.321070 0.025485 0.357639 0.088694 0.085438 0.020448 0.101226
0.000011 0.000010 0.243432 0.000010 0.000010 0.000010 0.756517
0.000014 0.000010 0.000014 0.000010 0.000010 0.999932 0.000010
0.064167 0.580313 0.000010 0.044493 0.000010 0.310997 0.000010
0.000010 0.000010 0.243197 0.000010 0.000010 0.000010 0.756753
0.387019 0.392756 0.042414 0.040037 0.059960 0.043870 0.033943
0.000010 0.999940 0.000010 0.000010 0.000010 0.000010 0.000010
0.372608 0.271647 0.028620 0.109133 0.120201 0.072515 0.025276
0.186156 0.000010 0.575089 0.071324 0.005058 0.000010 0.162354
0.000010 0.000010 0.000010 0.000010 0.000010 0.000010 0.999940
0.000010 0.491854 0.000010 0.000010 0.000010 0.000010 0.508096
0.000010 0.000010 0.000010 0.000010 0.000010 0.000010 0.999940
0.000010 0.999935 0.000010 0.000015 0.000010 0.000010 0.000010
0.000010 0.000010 0.000010 0.000010 0.000010 0.000010 0.999940
0.283848 0.344607 0.035308 0.028696 0.080007 0.179890 0.047644
0.000010 0.999935 0.000010 0.000015 0.000010 0.000010 0.000010
0.000010 0.000019 0.000010 0.000010 0.000010 0.000010 0.999931
0.211745 0.072185 0.082904 0.000010 0.036643 0.596503 0.000010
0.000010 0.000010 0.000010 0.000010 0.000010 0.000010 0.999940
0.071160 0.000010 0.638002 0.076285 0.049389 0.001490 0.163664
0.223055 0.004567 0.000010 0.000010 0.034337 0.686820 0.051201
0.000010 0.000010 0.000010 0.000010 0.999940 0.000010 0.000010
0.000010 0.000010 0.000010 0.000010 0.999940 0.000010 0.000010
0.000010 0.000011 0.000010 0.000010 0.999939 0.000010 0.000010
0.000010 0.000010 0.000010 0.000010 0.999940 0.000010 0.000010
0.309352 0.002800 0.479840 0.123443 0.022983 0.003403 0.058180
0.213572 0.016696 0.365096 0.059184 0.101074 0.061297 0.183080
0.000010 0.000010 0.000010 0.000010 0.999940 0.000010 0.000010
0.379995 0.027962 0.208272 0.006571 0.109097 0.268094 0.000010
0.139539 0.000010 0.000010 0.000010 0.000010 0.860411 0.000010
0.000010 0.000010 0.243810 0.000010 0.000010 0.000010 0.756140
0.282914 0.017819 0.170440 0.000010 0.051894 0.000010 0.476913
0.341488 0.278938 0.077744 0.007928 0.059678 0.224465 0.009760
0.145515 0.521724 0.000412 0.015139 0.040128 0.277072 0.000010
0.063798 0.582139 0.000010 0.042749 0.000010 0.311284 0.000010
0.914091 0.009803 0.013196 0.030459 0.032431 0.000010 0.000010
0.941947 0.000010 0.007959 0.003424 0.037772 0.008879 0.000010
0.902570 0.000010 0.019737 0.026111 0.050669 0.000010 0.000894
0.961702 0.010801 0.000010 0.020246 0.007220 0.000010 0.000010
0.952846 0.000010 0.000010 0.047104 0.000010 0.000010 0.000010
0.866321 0.017317 0.025341 0.017801 0.025457 0.032352 0.015411
0.074141 0.000010 0.000010 0.025067 0.888253 0.012508 0.000010
0.000010 0.001793 0.000010 0.000010 0.998157 0.000010 0.000010
0.305954 0.027450 0.022473 0.044534 0.566679 0.000010 0.032900
0.407244 0.000010 0.033507 0.080068 0.036806 0.440707 0.001657
0.435339 0.025175 0.038693 0.000010 0.034022 0.465873 0.000888
0.499526 0.017821 0.059964 0.067458 0.090330 0.237104 0.027796
0.569422 0.042330 0.064770 0.052852 0.069869 0.161142 0.039615
0.587390 0.016507 0.098590 0.076166 0.085539 0.105170 0.030638
0.640848 0.051250 0.136912 0.000010 0.118891 0.047421 0.004668
0.000010 0.000010 0.000010 0.000010 0.000017 0.999933 0.000010
0.268669 0.029220 0.068271 0.040062 0.056215 0.516473 0.021089
0.393930 0.014717 0.062595 0.038619 0.049388 0.440740 0.000010
0.586960 0.082660 0.082431 0.059791 0.099256 0.024973 0.063928
0.420531 0.014751 0.000010 0.046244 0.032384 0.458439 0.027641
0.210776 0.018557 0.000010 0.104672 0.042291 0.579437 0.044257
0.380405 0.027028 0.207089 0.008167 0.108913 0.268387 0.000010
0.139270 0.000010 0.000010 0.000010 0.000010 0.860680 0.000010
0.770383 0.014458 0.089764 0.016207 0.092067 0.017111 0.000010
0.739192 0.026518 0.083499 0.003558 0.105754 0.000010 0.041468
0.729257 0.041548 0.074366 0.000010 0.107631 0.015037 0.032151
0.684757 0.020735 0.063191 0.010984 0.131414 0.025441 0.063479
0.789353 0.010932 0.085014 0.002903 0.077748 0.009223 0.024827
0.742025 0.026200 0.063733 0.010521 0.077537 0.044096 0.035888
0.720166 0.030463 0.071082 0.000010 0.136879 0.027704 0.013696
0.750921 0.006999 0.063824 0.011750 0.105403 0.021512 0.039592
0.519992 0.028877 0.059083 0.118151 0.215390 0.021710 0.036796
0.498603 0.018680 0.068033 0.189131 0.211347 0.010724 0.003483
0.577549 0.011304 0.069387 0.142777 0.181303 0.017671 0.000010
0.580310 0.009824 0.079660 0.099548 0.196328 0.006583 0.027748
0.478995 0.006873 0.051074 0.221023 0.242016 0.000010 0.000010
0.480760 0.005489 0.052053 0.218711 0.242967 0.000010 0.000010
0.766122 0.000448 0.040692 0.053808 0.101434 0.011662 0.025834
0.645641 0.029728 0.052457 0.034245 0.136515 0.029605 0.071810
0.790849 0.000010 0.073364 0.031024 0.104733 0.000010 0.000010
0.726414 0.007130 0.063024 0.021093 0.131496 0.018666 0.032178
0.795421 0.004623 0.060512 0.018663 0.120760 0.000010 0.000010
0.647575 0.040660 0.032666 0.067675 0.118527 0.043672 0.049227
0.652973 0.035320 0.057897 0.022424 0.203138 0.028237 0.000010
0.802072 0.003594 0.050566 0.049965 0.088778 0.005015 0.000010
0.886705 0.000010 0.040278 0.000010 0.072976 0.000010 0.000010
0.887888 0.000010 0.038171 0.000010 0.073901 0.000010 0.000010
0.857293 0.008226 0.047044 0.000010 0.080422 0.006766 0.000239
0.890157 0.003123 0.062546 0.000010 0.043323 0.000010 0.000831
0.846925 0.003940 0.044775 0.000010 0.066202 0.000010 0.038138
0.794434 0.000745 0.068818 0.000010 0.076797 0.012986 0.046211
0.877825 0.003729 0.076077 0.000010 0.039601 0.002749 0.000010
0.840840 0.011019 0.041704 0.000010 0.081558 0.009936 0.014933
0.826032 0.035560 0.067755 0.000010 0.062146 0.008488 0.000010
0.850478 0.000010 0.035366 0.000010 0.093543 0.000010 0.020583
0.855538 0.000367 0.051203 0.004911 0.064889 0.010910 0.012181
0.811943 0.000010 0.067542 0.000010 0.089371 0.021006 0.010118
0.785473 0.015671 0.076056 0.000010 0.103219 0.000010 0.019561
0.792431 0.011334 0.085034 0.004715 0.084104 0.009653 0.012729
0.836650 0.000010 0.042438 0.001918 0.082790 0.004160 0.032034
0.733265 0.016430 0.059799 0.031992 0.092214 0.037373 0.028927
0.821766 0.000010 0.051370 0.000010 0.088903 0.005900 0.032041
0.784652 0.018024 0.067531 0.000010 0.103011 0.000331 0.026441
0.000018 0.000010 0.000012 0.000010 0.000010 0.999930 0.000010
0.000010 0.000010 0.000010 0.000010 0.000010 0.999940 0.000010
0.000012 0.000010 0.000010 0.000010 0.000010 0.999938 0.000010
0.263293 0.031407 0.036825 0.046885 0.004357 0.617224 0.000010
0.470612 0.036437 0.056173 0.184665 0.210572 0.041442 0.000098
0.000014 0.000010 0.000012 0.000010 0.000010 0.999934 0.000010
0.568984 0.043795 0.026968 0.087318 0.161286 0.049720 0.061930
0.542912 0.032779 0.080642 0.077821 0.206141 0.010510 0.049195
0.579374 0.017783 0.053172 0.108492 0.191544 0.026905 0.022729
0.587536 0.037574 0.039003 0.105219 0.163058 0.026055 0.041554
0.797512 0.012613 0.061688 0.005347 0.108149 0.007219 0.007472
0.172729 0.539386 0.014086 0.050453 0.099204 0.079521 0.044621
0.315683 0.540839 0.039937 0.007744 0.063684 0.005456 0.026656
0.260268 0.502008 0.032155 0.068474 0.061396 0.075688 0.000010
0.177214 0.000010 0.000010 0.000010 0.027022 0.228676 0.567059
0.643508 0.021395 0.071060 0.039963 0.161161 0.040137 0.022776
0.674389 0.032097 0.065605 0.004497 0.149413 0.015239 0.058759
0.737883 0.001206 0.048542 0.000010 0.145481 0.044879 0.021999
0.762513 0.011219 0.046054 0.000010 0.135499 0.020687 0.024018
0.712628 0.021251 0.034182 0.043939 0.109551 0.017674 0.060776
0.999940 0.000010 0.000010 0.000010 0.000010 0.000010 0.000010
0.999940 0.000010 0.000010 0.000010 0.000010 0.000010 0.000010
0.999940 0.000010 0.000010 0.000010 0.000010 0.000010 0.000010
0.823217 0.000010 0.051515 0.000010 0.080774 0.018394 0.026080
0.871550 0.000010 0.045185 0.000010 0.053174 0.000010 0.030060
0.859134 0.000576 0.042141 0.000010 0.047226 0.000010 0.050903
0.861535 0.010565 0.039828 0.000660 0.033964 0.000010 0.053438
0.823535 0.014879 0.047357 0.000010 0.075142 0.000010 0.039068
0.809552 0.006477 0.043576 0.000010 0.081545 0.013594 0.045245
0.810265 0.006223 0.078692 0.025165 0.079634 0.000010 0.000010
0.783036 0.031438 0.060352 0.000010 0.095604 0.003704 0.025856
0.782433 0.010918 0.057621 0.037775 0.110465 0.000010 0.000779
0.755682 0.000010 0.049024 0.098726 0.096537 0.000010 0.000010
0.826817 0.000010 0.070429 0.000010 0.074480 0.019104 0.009150
0.798731 0.002737 0.016278 0.014920 0.094041 0.034773 0.038519
0.794420 0.011597 0.055659 0.000010 0.099731 0.000010 0.038573
0.771994 0.024820 0.060110 0.000010 0.078124 0.032000 0.032942
0.712209 0.044517 0.084008 0.000010 0.114764 0.008974 0.035517
0.782463 0.018679 0.076037 0.000010 0.092796 0.030005 0.000010
0.743131 0.012607 0.067961 0.000010 0.099742 0.037092 0.039458
0.789334 0.014665 0.066278 0.002731 0.072429 0.034343 0.020220
0.000010 0.000010 0.000010 0.000010 0.000010 0.000010 0.999940
0.034411 0.119918 0.136457 0.107613 0.008293 0.042723 0.550585
0.000010 0.488710 0.000010 0.000010 0.000010 0.000010 0.511240
0.000010 0.005654 0.000010 0.000010 0.066112 0.000010 0.928194
0.000010 0.000010 0.999934 0.000012 0.000010 0.000014 0.000010
0.000010 0.000010 0.000010 0.000010 0.000010 0.000010 0.999940
0.000010 0.000010 0.000010 0.000010 0.999940 0.000010 0.000010
0.000010 0.000010 0.000010 0.000010 0.999940 0.000010 0.000010
0.243678 0.552605 0.065685 0.000010 0.021145 0.000010 0.116867
0.220243 0.000010 0.031784 0.077418 0.068347 0.574525 0.027672
0.220269 0.000010 0.032301 0.076470 0.068659 0.574666 0.027624
0.000010 0.999940 0.000010 0.000010 0.000010 0.000010 0.000010
0.000010 0.999940 0.000010 0.000010 0.000010 0.000010 0.000010
0.000011 0.000010 0.999930 0.000010 0.000010 0.000018 0.000010
0.295777 0.000010 0.412187 0.045205 0.121182 0.000010 0.125629
0.295137 0.000010 0.414477 0.042337 0.121127 0.000010 0.126902
0.140502 0.000010 0.000010 0.000010 0.000010 0.859448 0.000010
0.000016 0.000010 0.000010 0.000010 0.000010 0.999934 0.000010
0.248644 0.012507 0.480875 0.101829 0.071791 0.000010 0.084345
0.000010 0.000010 0.999940 0.000010 0.000010 0.000010 0.000010
0.314885 0.038640 0.257136 0.067645 0.088699 0.011184 0.221811
0.000010 0.000010 0.999934 0.000010 0.000010 0.000016 0.000010
0.000011 0.000010 0.000010 0.000010 0.000010 0.000010 0.999939
0.000010 0.999940 0.000010 0.000010 0.000010 0.000010 0.000010
0.000010 0.999940 0.000010 0.000010 0.000010 0.000010 0.000010
0.000018 0.000011 0.000011 0.000010 0.000010 0.999930 0.000010
0.000012 0.000010 0.000011 0.000010 0.000010 0.999937 0.000010
0.853182 0.004834 0.046477 0.016158 0.079329 0.000010 0.000010
0.000010 0.000010 0.000013 0.000010 0.000010 0.999937 0.000010
0.847252 0.007787 0.049643 0.006187 0.065528 0.000010 0.023592
0.896650 0.000010 0.000010 0.103300 0.000010 0.000010 0.000010
0.936172 0.001323 0.000010 0.062465 0.000010 0.000010 0.000010
0.926370 0.005282 0.001435 0.056500 0.000010 0.000010 0.010392
0.879259 0.000017 0.003075 0.112582 0.000010 0.000010 0.005047
0.855655 0.000010 0.000010 0.144295 0.000010 0.000010 0.000010
0.928725 0.000010 0.002121 0.069114 0.000010 0.000010 0.000010
0.868692 0.000010 0.000010 0.131258 0.000010 0.000010 0.000010
0.892017 0.000010 0.019466 0.081559 0.006928 0.000010 0.000010
0.893871 0.000010 0.000010 0.101910 0.004180 0.000010 0.000010
0.900379 0.000010 0.000010 0.099571 0.000010 0.000010 0.000010
0.918584 0.001932 0.000010 0.069507 0.000010 0.009948 0.000010
0.000010 0.999938 0.000010 0.000012 0.000010 0.000010 0.000010
0.000012 0.000010 0.000010 0.000010 0.000010 0.999938 0.000010
0.000010 0.999938 0.000010 0.000012 0.000010 0.000010 0.000010
0.894830 0.026643 0.000010 0.012487 0.043553 0.000010 0.022466
0.814722 0.000010 0.039005 0.052471 0.072760 0.000010 0.021022
0.877766 0.007829 0.040219 0.046498 0.027667 0.000010 0.000010
0.868688 0.000010 0.048410 0.032126 0.034895 0.007548 0.008323
0.879281 0.000010 0.039417 0.059505 0.021768 0.000010 0.000010
0.896180 0.000010 0.030784 0.018755 0.054251 0.000010 0.000010
0.682285 0.000010 0.000010 0.317665 0.000010 0.000010 0.000010
0.493653 0.000010 0.000010 0.506297 0.000010 0.000010 0.000010
0.541393 0.000010 0.000010 0.458557 0.000010 0.000010 0.000010
0.391735 0.000010 0.000010 0.608215 0.000010 0.000010 0.000010
0.416174 0.000010 0.000010 0.583776 0.000010 0.000010 0.000010
0.498630 0.000010 0.000010 0.501320 0.000010 0.000010 0.000010
0.534367 0.000010 0.000010 0.465583 0.000010 0.000010 0.000010
0.100354 0.022607 0.041807 0.734869 0.075148 0.025205 0.000010
0.129473 0.033190 0.027399 0.721636 0.060318 0.022868 0.005116
0.069336 0.026242 0.039990 0.779376 0.054685 0.030361 0.000010
0.960292 0.002677 0.000010 0.031015 0.005986 0.000010 0.000010
0.926272 0.011662 0.032777 0.008696 0.019123 0.000010 0.001461
0.963832 0.000010 0.000010 0.036118 0.000010 0.000010 0.000010
0.961256 0.000010 0.000010 0.021278 0.000010 0.000010 0.017426
0.884896 0.002489 0.015065 0.021004 0.066638 0.000010 0.009896
0.936608 0.006808 0.038059 0.014440 0.004064 0.000010 0.000010
