0.010315 0.067887 0.000010 0.002348 0.000010 0.006548 0.898999 0.000010 0.013873
0.008381 0.080948 0.024509 0.003546 0.000010 0.000010 0.866025 0.016560 0.000010
0.003585 0.060826 0.000010 0.000010 0.006814 0.005982 0.922752 0.000010 0.000010
0.000010 0.044751 0.000010 0.000010 0.000010 0.000010 0.955179 0.000010 0.000010
0.010885 0.146909 0.000010 0.000618 0.009241 0.019181 0.813135 0.000010 0.000010
0.011936 0.120712 0.000010 0.007542 0.021002 0.001947 0.836569 0.000010 0.000272
0.000010 0.042377 0.000010 0.027798 0.000010 0.020619 0.893958 0.007779 0.007439
0.000010 0.000010 0.000010 0.000010 0.000010 0.000010 0.000010 0.999920 0.000010
0.000010 0.000010 0.000010 0.000010 0.000010 0.000010 0.000010 0.000010 0.999920
0.000010 0.000017 0.000010 0.000010 0.000010 0.000010 0.000010 0.000010 0.999913
0.000016 0.000010 0.000010 0.000019 0.000010 0.000010 0.000012 0.000010 0.999903
0.000010 0.000012 0.000010 0.000010 0.000010 0.000010 0.000010 0.000010 0.999918
0.000010 0.000010 0.000010 0.000010 0.000010 0.000010 0.000010 0.000010 0.999920
0.000010 0.000010 0.000010 0.000010 0.000010 0.000010 0.000010 0.000010 0.999920
0.000010 0.000010 0.000010 0.000014 0.000010 0.000010 0.000010 0.000010 0.999915
0.000010 0.000010 0.000010 0.000010 0.000010 0.000010 0.000010 0.000010 0.999920
0.034699 0.000010 0.000010 0.000010 0.000010 0.000010 0.024670 0.000010 0.940571
0.092395 0.000010 0.016612 0.322519 0.038102 0.098227 0.257310 0.037963 0.136862
0.056744 0.029777 0.054004 0.193981 0.029908 0.065772 0.432856 0.017148 0.119809
0.150675 0.000010 0.043242 0.396233 0.002756 0.004965 0.269278 0.000010 0.132832
0.099563 0.012748 0.023841 0.328729 0.008269 0.070186 0.351275 0.016829 0.088559
0.767141 0.000010 0.000010 0.232789 0.000010 0.000010 0.000010 0.000010 0.000010
0.000010 0.000010 0.000010 0.000010 0.000010 0.000010 0.000010 0.999920 0.000010
0.000010 0.000010 0.565196 0.000010 0.410904 0.000010 0.000010 0.000010 0.023841
0.767288 0.000010 0.000010 0.232642 0.000010 0.000010 0.000010 0.000010 0.000010
0.031972 0.000010 0.389684 0.020667 0.061235 0.039916 0.405153 0.000010 0.051353
0.000010 0.000014 0.999909 0.000010 0.000010 0.000010 0.000016 0.000011 0.000010
0.023278 0.004183 0.268199 0.011706 0.057284 0.101531 0.388777 0.029506 0.115537
0.161389 0.000010 0.000010 0.532735 0.000010 0.000010 0.228489 0.000010 0.077337
0.999920 0.000010 0.000010 0.000010 0.000010 0.000010 0.000010 0.000010 0.000010
0.507761 0.000010 0.492169 0.000010 0.000010 0.000010 0.000010 0.000010 0.000010
0.999920 0.000010 0.000010 0.000010 0.000010 0.000010 0.000010 0.000010 0.000010
0.000010 0.000012 0.999918 0.000010 0.000010 0.000010 0.000010 0.000010 0.000010
0.999920 0.000010 0.000010 0.000010 0.000010 0.000010 0.000010 0.000010 0.000010
0.037241 0.000010 0.336988 0.013608 0.309759 0.057252 0.216647 0.000010 0.028484
0.000010 0.000010 0.999920 0.000010 0.000010 0.000010 0.000010 0.000010 0.000010
0.999920 0.000010 0.000010 0.000010 0.000010 0.000010 0.000010 0.000010 0.000010
0.000010 0.000010 0.073842 0.063321 0.664213 0.014752 0.075063 0.108779 0.000010
0.999920 0.000010 0.000010 0.000010 0.000010 0.000010 0.000010 0.000010 0.000010
0.165053 0.000010 0.000010 0.609660 0.000010 0.043668 0.089994 0.018453 0.073141
0.000010 0.000010 0.000010 0.000010 0.999920 0.000010 0.000010 0.000010 0.000010
0.000010 0.000010 0.000010 0.000010 0.000010 0.999920 0.000010 0.000010 0.000010
0.000010 0.000010 0.000012 0.000010 0.000010 0.999918 0.000010 0.000010 0.000010
0.000010 0.000010 0.000010 0.000010 0.000010 0.999920 0.000010 0.000010 0.000010
0.000010 0.000010 0.000010 0.000010 0.000010 0.999920 0.000010 0.000010 0.000010
0.054204 0.000010 0.000010 0.433203 0.019474 0.002120 0.360300 0.000010 0.130669
0.184692 0.018567 0.016746 0.336740 0.000010 0.091550 0.230493 0.067899 0.053304
0.000010 0.000010 0.000010 0.000010 0.000010 0.999920 0.000010 0.000010 0.000010
0.000010 0.000010 0.022898 0.158489 0.136239 0.085710 0.409000 0.166737 0.020907
0.000010 0.000010 0.000010 0.000010 0.999920 0.000010 0.000010 0.000010 0.000010
0.766680 0.000010 0.000010 0.233250 0.000010 0.000010 0.000010 0.000010 0.000010
0.473138 0.000010 0.013952 0.141848 0.032079 0.036792 0.300769 0.000010 0.001402
0.003966 0.000010 0.272795 0.057858 0.281203 0.042468 0.318777 0.008198 0.014724
0.000010 0.000010 0.521632 0.000010 0.363158 0.014925 0.081890 0.000010 0.018355
0.000010 0.000010 0.567395 0.000010 0.410589 0.000010 0.000010 0.000010 0.021956
0.000010 0.155979 0.004143 0.000010 0.000010 0.016758 0.823071 0.000010 0.000010
0.000010 0.083167 0.000010 0.000010 0.000010 0.009692 0.901025 0.006067 0.000010
0.000304 0.116095 0.000010 0.001080 0.000010 0.029743 0.852737 0.000010 0.000010
0.000010 0.117477 0.003721 0.000010 0.000010 0.000010 0.878742 0.000010 0.000010
0.000010 0.164359 0.000010 0.000010 0.000010 0.000010 0.835571 0.000010 0.000010
0.016183 0.092151 0.015149 0.003193 0.000010 0.002556 0.835482 0.034106 0.001169
0.000010 0.000010 0.000010 0.000010 0.008773 0.872904 0.081762 0.010896 0.025625
0.000010 0.000010 0.007814 0.000010 0.000010 0.992116 0.000010 0.000010 0.000010
0.032505 0.007641 0.025712 0.003318 0.000010 0.548222 0.336350 0.000010 0.046232
0.000010 0.000010 0.000010 0.001273 0.630804 0.006452 0.273646 0.000010 0.087784
0.000010 0.000010 0.007444 0.005758 0.616776 0.008695 0.361286 0.000010 0.000010
0.021129 0.042652 0.011031 0.039808 0.290424 0.069486 0.443430 0.024369 0.057670
0.039262 0.012119 0.034917 0.035255 0.212512 0.043099 0.548259 0.014014 0.060564
0.028543 0.020295 0.011699 0.065886 0.110174 0.061439 0.595559 0.026859 0.079546
0.004496 0.000010 0.046208 0.093259 0.059726 0.091749 0.693686 0.007517 0.003348
0.000010 0.000010 0.000010 0.000010 0.000010 0.000010 0.000010 0.999920 0.000010
0.000010 0.000010 0.008266 0.041227 0.721719 0.029402 0.148081 0.000010 0.051275
0.000010 0.000010 0.000010 0.030076 0.649255 0.024279 0.256143 0.000010 0.040207
0.061730 0.021514 0.078416 0.045483 0.048167 0.073891 0.607525 0.000010 0.063263
0.001296 0.008109 0.000010 0.000010 0.684812 0.000010 0.267417 0.000010 0.038326
0.038213 0.018107 0.000010 0.000010 0.793829 0.005602 0.018851 0.034154 0.091224
0.000010 0.000010 0.021970 0.157309 0.136846 0.085396 0.409747 0.166277 0.022435
0.000010 0.000010 0.000010 0.000010 0.999920 0.000010 0.000010 0.000010 0.000010
0.000010 0.035745 0.012740 0.053635 0.027988 0.064360 0.785048 0.000010 0.020465
0.041174 0.020688 0.023539 0.042448 0.014462 0.076789 0.770183 0.000010 0.010706
0.031857 0.002122 0.036368 0.040829 0.036389 0.081324 0.768157 0.000010 0.002944
0.063536 0.008881 0.016851 0.031711 0.042833 0.101622 0.710482 0.000010 0.024074
0.022037 0.015444 0.007734 0.050716 0.017417 0.049385 0.821545 0.000010 0.015712
0.033776 0.035000 0.021614 0.029657 0.070505 0.049939 0.748459 0.000010 0.011041
0.016248 0.000010 0.027604 0.031888 0.022846 0.106171 0.773394 0.011882 0.009957
0.039132 0.027804 0.002820 0.032402 0.010602 0.077893 0.776023 0.014044 0.019279
0.039378 0.019045 0.028426 0.015182 0.008283 0.178688 0.576512 0.016682 0.117804
0.006124 0.055769 0.018603 0.028942 0.000010 0.175361 0.535064 0.013474 0.166654
0.000010 0.036809 0.010017 0.028426 0.000010 0.142323 0.628352 0.019298 0.134754
0.028841 0.006318 0.009320 0.028199 0.011692 0.152083 0.656165 0.000010 0.107371
0.000010 0.056026 0.008939 0.003074 0.000010 0.195355 0.538424 0.002352 0.195810
0.000010 0.055874 0.007804 0.003152 0.000010 0.196141 0.541026 0.002359 0.193624
0.025369 0.081268 0.000010 0.008597 0.000010 0.075637 0.760276 0.013544 0.035287
0.073636 0.010941 0.025315 0.017145 0.018569 0.107445 0.686494 0.014282 0.046173
0.000010 0.077492 0.000010 0.040703 0.000010 0.077255 0.789388 0.000010 0.015122
0.031585 0.032590 0.003639 0.029344 0.011048 0.103203 0.752782 0.010691 0.025118
0.000010 0.060846 0.001599 0.028838 0.000010 0.092127 0.804003 0.000010 0.012557
0.051041 0.073508 0.038990 0.006109 0.013721 0.096059 0.636104 0.033819 0.050650
0.000010 0.000010 0.029776 0.016790 0.050166 0.170042 0.695880 0.000010 0.037317
0.000010 0.073972 0.000622 0.024211 0.007567 0.064620 0.793447 0.000860 0.034690
0.000010 0.000010 0.000010 0.000010 0.000010 0.033882 0.952832 0.000010 0.013226
0.000010 0.000010 0.000010 0.000010 0.000010 0.034354 0.952263 0.000010 0.013323
0.000565 0.032872 0.004558 0.015111 0.010625 0.053936 0.882312 0.000010 0.000010
0.000010 0.024626 0.000010 0.025794 0.009118 0.014614 0.925808 0.000010 0.000010
0.039352 0.037365 0.000492 0.021124 0.000010 0.041647 0.859990 0.000010 0.000010
0.041793 0.000010 0.000010 0.031243 0.017664 0.048694 0.856867 0.000010 0.003709
0.000010 0.018786 0.000010 0.044776 0.000010 0.009883 0.919851 0.001943 0.004732
0.016303 0.019568 0.008810 0.008522 0.023130 0.051892 0.871754 0.000010 0.000010
0.000010 0.040345 0.032971 0.034601 0.006984 0.036947 0.844302 0.003830 0.000010
0.020352 0.034278 0.000010 0.001607 0.000010 0.064708 0.873033 0.000010 0.005991
0.009804 0.037224 0.000010 0.015679 0.020966 0.035690 0.868409 0.000010 0.012207
0.008683 0.009357 0.000010 0.035682 0.033046 0.058111 0.843558 0.000010 0.011542
0.015764 0.000010 0.012411 0.034600 0.005665 0.074692 0.853732 0.000010 0.003116
0.010770 0.004884 0.007252 0.043407 0.008919 0.053279 0.845783 0.002071 0.023636
0.029611 0.029914 0.000018 0.006451 0.019452 0.049163 0.854159 0.000010 0.011222
0.027864 0.019982 0.014428 0.031046 0.013647 0.063170 0.761289 0.026439 0.042135
0.028873 0.022321 0.000010 0.022343 0.006916 0.061833 0.855928 0.001766 0.000010
0.023627 0.000135 0.013967 0.027059 0.012456 0.072142 0.839428 0.000010 0.011176
0.000010 0.000010 0.000010 0.000015 0.000010 0.000010 0.000010 0.999915 0.000010
0.000010 0.000018 0.000010 0.000011 0.000010 0.000010 0.000010 0.999912 0.000010
0.000010 0.000014 0.000010 0.000010 0.000015 0.000010 0.000010 0.999911 0.000010
0.000010 0.000010 0.015642 0.000395 0.634185 0.000010 0.162151 0.139817 0.047779
0.000994 0.058172 0.035079 0.028589 0.018798 0.189350 0.476320 0.027863 0.164835
0.000010 0.000010 0.000010 0.000010 0.000010 0.000010 0.000011 0.999919 0.000010
0.054152 0.010395 0.039160 0.000011 0.080570 0.130289 0.590067 0.000010 0.095347
0.046874 0.022667 0.028892 0.051678 0.025567 0.181900 0.563692 0.000010 0.078719
0.019754 0.025339 0.014720 0.021880 0.050680 0.161733 0.597133 0.000010 0.108753
0.043409 0.027813 0.035006 0.007564 0.029227 0.136591 0.609412 0.004295 0.106683
0.006530 0.010725 0.008059 0.026367 0.015217 0.076832 0.836056 0.000010 0.020203
0.044373 0.000010 0.537060 0.000394 0.031964 0.090487 0.188607 0.055202 0.051903
0.021537 0.000010 0.536829 0.026850 0.021720 0.046689 0.330310 0.000010 0.016045
0.000010 0.000010 0.498569 0.010826 0.095531 0.047791 0.264659 0.009417 0.073187
0.568181 0.000010 0.000010 0.000010 0.366604 0.015069 0.048393 0.000010 0.001712
0.022010 0.014792 0.017040 0.036259 0.047320 0.135041 0.677120 0.001350 0.049068
0.058742 0.002283 0.029568 0.026555 0.000010 0.119149 0.727249 0.017121 0.019324
0.021059 0.008560 0.000010 0.016180 0.059237 0.112137 0.773522 0.002193 0.007101
0.023968 0.001268 0.008590 0.005857 0.046842 0.108229 0.805225 0.000010 0.000010
0.059400 0.018243 0.015650 0.004285 0.029357 0.081721 0.736715 0.000010 0.054619
0.000010 0.082015 0.000010 0.000010 0.000010 0.000010 0.917915 0.000010 0.000010
0.000010 0.082049 0.000010 0.000010 0.000010 0.000010 0.917881 0.000010 0.000010
0.000010 0.082842 0.000010 0.000010 0.000010 0.000010 0.917088 0.000010 0.000010
0.026224 0.027032 0.000010 0.010993 0.005313 0.048742 0.863724 0.015677 0.002286
0.027517 0.000010 0.000010 0.007424 0.000010 0.025743 0.938838 0.000010 0.000438
0.048630 0.000010 0.000010 0.000013 0.000010 0.009842 0.941466 0.000010 0.000010
0.048726 0.000010 0.005243 0.000010 0.000010 0.000010 0.926361 0.000010 0.019620
0.038353 0.000010 0.013381 0.011151 0.002640 0.040810 0.893589 0.000010 0.000056
0.042590 0.012300 0.004811 0.006848 0.024140 0.050838 0.858453 0.000010 0.000010
0.000010 0.017792 0.002189 0.035595 0.000010 0.050073 0.856152 0.000010 0.038169
0.022818 0.001479 0.027141 0.018785 0.015148 0.066001 0.840972 0.000010 0.007646
0.000891 0.069879 0.008755 0.029356 0.000010 0.081253 0.783849 0.003021 0.022986
0.000010 0.044909 0.000010 0.015030 0.000010 0.065869 0.780463 0.000112 0.093587
0.010481 0.015530 0.000010 0.040072 0.030984 0.044290 0.858613 0.000010 0.000010
0.033994 0.031372 0.000010 0.000010 0.050104 0.061658 0.803940 0.000010 0.018901
0.035721 0.000010 0.005700 0.016636 0.000010 0.067317 0.860633 0.000010 0.013962
0.031231 0.000010 0.023475 0.020132 0.007246 0.049353 0.837027 0.026173 0.005353
0.031063 0.000010 0.040405 0.044776 0.021869 0.085540 0.776316 0.000010 0.000010
0.000010 0.000010 0.015749 0.029397 0.055179 0.058556 0.841078 0.000010 0.000010
0.041336 0.000010 0.011285 0.030292 0.038406 0.075017 0.793541 0.010104 0.000010
0.020582 0.009565 0.009300 0.030890 0.015709 0.044804 0.828561 0.021165 0.019424
0.999920 0.000010 0.000010 0.000010 0.000010 0.000010 0.000010 0.000010 0.000010
0.553562 0.000010 0.120365 0.129491 0.000010 0.010295 0.039480 0.041597 0.105190
0.510877 0.000010 0.489053 0.000010 0.000010 0.000010 0.000010 0.000010 0.000010
0.928579 0.000010 0.006217 0.000010 0.000010 0.065144 0.000010 0.000010 0.000010
0.000014 0.000010 0.000010 0.999916 0.000010 0.000010 0.000010 0.000010 0.000010
0.999920 0.000010 0.000010 0.000010 0.000010 0.000010 0.000010 0.000010 0.000010
0.000010 0.000010 0.000010 0.000010 0.000010 0.999920 0.000010 0.000010 0.000010
0.000010 0.000010 0.000010 0.000010 0.000010 0.999920 0.000010 0.000010 0.000010
0.115853 0.001749 0.549978 0.052863 0.009770 0.011368 0.258037 0.000010 0.000371
0.014801 0.000010 0.000010 0.000010 0.683726 0.050958 0.074862 0.091487 0.084136
0.014878 0.000010 0.000010 0.000010 0.683750 0.050981 0.075477 0.091081 0.083803
0.000010 0.000010 0.999920 0.000010 0.000010 0.000010 0.000010 0.000010 0.000010
0.000010 0.000010 0.999920 0.000010 0.000010 0.000010 0.000010 0.000010 0.000010
0.000010 0.000010 0.000010 0.999920 0.000010 0.000010 0.000010 0.000010 0.000010
0.122350 0.000010 0.000010 0.368610 0.000010 0.100123 0.353035 0.000010 0.055842
0.123467 0.000010 0.000010 0.370647 0.000010 0.099864 0.352687 0.000010 0.053295
0.000010 0.000010 0.000010 0.000010 0.999920 0.000010 0.000010 0.000010 0.000010
0.000010 0.000010 0.000010 0.000010 0.000010 0.000010 0.000018 0.999911 0.000010
0.082516 0.000010 0.011340 0.449095 0.000010 0.058188 0.289579 0.000010 0.109253
0.000010 0.000010 0.000010 0.999920 0.000010 0.000010 0.000010 0.000010 0.000010
0.220393 0.000480 0.036263 0.226332 0.036102 0.068582 0.339654 0.000010 0.072185
0.000010 0.000010 0.000010 0.999920 0.000010 0.000010 0.000010 0.000010 0.000010
0.999920 0.000010 0.000010 0.000010 0.000010 0.000010 0.000010 0.000010 0.000010
0.000010 0.000016 0.999914 0.000011 0.000010 0.000010 0.000010 0.000010 0.000010
0.000010 0.000019 0.999901 0.000015 0.000013 0.000010 0.000010 0.000012 0.000010
0.000010 0.000010 0.000010 0.000013 0.000010 0.000010 0.000010 0.999917 0.000010
0.000010 0.000013 0.000010 0.000016 0.000010 0.000010 0.000010 0.999911 0.000010
0.000010 0.070105 0.001443 0.019969 0.000010 0.054387 0.843266 0.001182 0.009628
0.000010 0.000010 0.000010 0.000010 0.000010 0.000010 0.000010 0.999920 0.000010
0.020727 0.046106 0.004960 0.023519 0.000010 0.037291 0.859045 0.000010 0.008333
0.000010 0.361259 0.000010 0.000010 0.000010 0.000010 0.638671 0.000010 0.000010
0.000010 0.299572 0.000010 0.000010 0.000010 0.000010 0.700358 0.000010 0.000010
0.001480 0.244171 0.000010 0.000010 0.000010 0.000010 0.754289 0.000010 0.000010
0.000010 0.353073 0.000010 0.000010 0.000010 0.000010 0.646856 0.000010 0.000010
0.000010 0.416199 0.000010 0.000010 0.000010 0.000010 0.583731 0.000010 0.000010
0.000010 0.269405 0.000010 0.000010 0.000010 0.000010 0.730525 0.000010 0.000010
0.000010 0.374207 0.000010 0.000010 0.000010 0.000010 0.625723 0.000010 0.000010
0.000010 0.277270 0.000010 0.010940 0.000010 0.000010 0.711730 0.000010 0.000010
0.000010 0.307200 0.000010 0.000010 0.000010 0.000010 0.692730 0.000010 0.000010
0.000010 0.322021 0.000010 0.000010 0.000010 0.000010 0.677909 0.000010 0.000010
0.000010 0.278869 0.000010 0.000010 0.000010 0.000010 0.719137 0.001934 0.000010
0.000010 0.000012 0.999914 0.000010 0.000010 0.000010 0.000014 0.000010 0.000010
0.000010 0.000010 0.000010 0.000010 0.000010 0.000010 0.000010 0.999920 0.000010
0.000010 0.000011 0.999919 0.000010 0.000010 0.000010 0.000010 0.000010 0.000010
0.014587 0.115136 0.020476 0.000010 0.000010 0.021311 0.828450 0.000010 0.000010
0.022767 0.126978 0.000010 0.014369 0.000010 0.052609 0.767656 0.000010 0.015591
0.000010 0.107957 0.006259 0.022657 0.001022 0.005046 0.832749 0.000010 0.024291
0.006433 0.070975 0.000010 0.020033 0.000010 0.009097 0.860652 0.012782 0.020007
0.000010 0.127102 0.000010 0.018865 0.003320 0.000014 0.825058 0.000010 0.025611
0.000010 0.082182 0.000010 0.013246 0.000010 0.027383 0.869213 0.000010 0.007937
0.000010 0.742157 0.000010 0.000010 0.000010 0.000010 0.257773 0.000010 0.000010
0.000010 0.999920 0.000010 0.000010 0.000010 0.000010 0.000010 0.000010 0.000010
0.000010 0.999920 0.000010 0.000010 0.000010 0.000010 0.000010 0.000010 0.000010
0.000010 0.999920 0.000010 0.000010 0.000010 0.000010 0.000010 0.000010 0.000010
0.000010 0.999920 0.000010 0.000010 0.000010 0.000010 0.000010 0.000010 0.000010
0.000010 0.999920 0.000010 0.000010 0.000010 0.000010 0.000010 0.000010 0.000010
0.000010 0.999920 0.000010 0.000010 0.000010 0.000010 0.000010 0.000010 0.000010
0.000010 0.114946 0.019073 0.024981 0.033790 0.065468 0.079868 0.000010 0.661854
0.004708 0.116398 0.032270 0.012152 0.024296 0.054804 0.101312 0.002740 0.651321
0.000010 0.141604 0.025991 0.026810 0.003299 0.052267 0.032089 0.026807 0.691124
0.000010 0.169030 0.000010 0.000010 0.000010 0.000010 0.830900 0.000010 0.000010
0.001088 0.108249 0.006409 0.012065 0.000010 0.000010 0.872150 0.000010 0.000010
0.000010 0.167723 0.000010 0.000010 0.000010 0.000010 0.832207 0.000010 0.000010
0.009068 0.135690 0.000010 0.000010 0.000010 0.000010 0.855182 0.000010 0.000010
0.008342 0.125329 0.000010 0.000011 0.000010 0.045828 0.820451 0.000010 0.000010
0.000010 0.120048 0.001734 0.014358 0.000010 0.000010 0.863811 0.000010 0.000010
