0.000010 0.004921 0.007390 0.887851 0.077633 0.008760 0.013424 0.000010
0.011570 0.006561 0.000010 0.858874 0.090305 0.008129 0.000010 0.024541
0.000010 0.000010 0.006872 0.918416 0.071175 0.003498 0.000010 0.000010
0.000010 0.000010 0.000010 0.943536 0.056404 0.000010 0.000010 0.000010
0.001215 0.002674 0.020817 0.808412 0.156484 0.010378 0.000010 0.000010
0.005818 0.009981 0.001843 0.839763 0.128558 0.012167 0.001861 0.000010
0.001428 0.030000 0.021965 0.887752 0.051082 0.000010 0.007755 0.000010
0.999929 0.000011 0.000010 0.000010 0.000010 0.000010 0.000010 0.000010
0.000012 0.000010 0.000010 0.000010 0.000010 0.000010 0.999928 0.000010
0.000012 0.000016 0.000010 0.000010 0.000010 0.000010 0.999923 0.000010
0.000010 0.000010 0.000010 0.000010 0.000010 0.000010 0.999930 0.000010
0.000011 0.000010 0.000010 0.000010 0.000010 0.000010 0.999929 0.000010
0.000010 0.000010 0.000010 0.000010 0.000010 0.000010 0.999930 0.000010
0.000014 0.000010 0.000010 0.000010 0.000010 0.000010 0.999926 0.000010
0.000010 0.000010 0.000010 0.000010 0.000010 0.000010 0.999930 0.000010
0.000010 0.000010 0.000010 0.000010 0.000010 0.000010 0.999930 0.000010
0.000010 0.000010 0.000010 0.028758 0.000010 0.031766 0.939426 0.000010
0.060267 0.323737 0.098267 0.271418 0.000010 0.091287 0.138164 0.016849
0.034705 0.195076 0.066564 0.441089 0.031426 0.056295 0.121069 0.053775
0.000010 0.396639 0.004739 0.272712 0.000010 0.149095 0.133434 0.043361
0.018287 0.330148 0.070715 0.354172 0.014803 0.098791 0.089169 0.023916
0.000010 0.233532 0.000010 0.000010 0.000010 0.766408 0.000010 0.000010
0.999922 0.000015 0.000010 0.000014 0.000010 0.000010 0.000010 0.000010
0.301333 0.000010 0.000010 0.074094 0.000010 0.000010 0.046520 0.578013
0.000010 0.233341 0.000010 0.000010 0.000010 0.766599 0.000010 0.000010
0.038433 0.021077 0.040956 0.424076 0.000010 0.031758 0.053689 0.390001
0.000010 0.000011 0.000010 0.000010 0.000010 0.000010 0.000010 0.999929
0.066459 0.012566 0.101322 0.405571 0.004815 0.022944 0.117857 0.268466
0.000010 0.534187 0.000010 0.229647 0.000010 0.158715 0.077410 0.000010
0.000010 0.000010 0.000010 0.000010 0.000013 0.999927 0.000010 0.000010
0.000010 0.000010 0.000010 0.000010 0.000010 0.508218 0.000010 0.491722
0.000010 0.000010 0.000010 0.000010 0.000010 0.999930 0.000010 0.000010
0.000013 0.000010 0.000010 0.000010 0.000017 0.000010 0.000010 0.999921
0.000010 0.000010 0.000010 0.000010 0.000010 0.999930 0.000010 0.000010
0.171844 0.015569 0.064869 0.322328 0.000010 0.045381 0.038312 0.341687
0.000010 0.000014 0.000010 0.000010 0.000010 0.000010 0.000010 0.999926
0.000010 0.000010 0.000010 0.000010 0.000010 0.999930 0.000010 0.000010
0.585289 0.066142 0.027155 0.249552 0.000010 0.000010 0.000010 0.071832
0.000010 0.000010 0.000010 0.000010 0.000010 0.999930 0.000010 0.000010
0.003803 0.612701 0.046555 0.097054 0.000010 0.164621 0.075246 0.000010
0.666565 0.000010 0.018418 0.268511 0.000010 0.046000 0.000010 0.000476
0.000010 0.000010 0.999930 0.000010 0.000010 0.000010 0.000010 0.000010
0.000010 0.000010 0.999929 0.000011 0.000010 0.000010 0.000010 0.000010
0.000010 0.000010 0.999930 0.000010 0.000010 0.000010 0.000010 0.000010
0.000010 0.000010 0.999930 0.000010 0.000010 0.000010 0.000010 0.000010
0.000010 0.436805 0.002970 0.374097 0.000010 0.052742 0.133356 0.000010
0.061455 0.338847 0.092325 0.231183 0.021761 0.183855 0.053724 0.016852
0.000010 0.000010 0.999930 0.000010 0.000010 0.000010 0.000010 0.000010
0.260989 0.157908 0.086385 0.447053 0.000010 0.000010 0.023825 0.023820
0.825564 0.000010 0.000010 0.174376 0.000010 0.000010 0.000010 0.000010
0.000010 0.233968 0.000010 0.000010 0.000010 0.765972 0.000010 0.000010
0.000010 0.145207 0.037877 0.322254 0.000010 0.473743 0.005245 0.015653
0.217566 0.052843 0.043579 0.382458 0.000010 0.008509 0.019093 0.275943
0.268112 0.000010 0.028748 0.162564 0.000010 0.000010 0.021530 0.519016
0.301721 0.000010 0.000010 0.073876 0.000010 0.000010 0.044315 0.580048
0.000010 0.001482 0.018432 0.810001 0.166575 0.000010 0.000010 0.003481
0.000010 0.000010 0.011645 0.893606 0.094699 0.000010 0.000010 0.000010
0.000010 0.002087 0.030087 0.843744 0.124042 0.000010 0.000010 0.000010
0.000010 0.000010 0.000010 0.868085 0.128684 0.000010 0.000010 0.003181
0.000010 0.000010 0.000010 0.823292 0.176648 0.000010 0.000010 0.000010
0.027919 0.006076 0.005593 0.825576 0.103255 0.015668 0.000507 0.015407
0.011107 0.000010 0.872412 0.090497 0.000010 0.000010 0.025944 0.000010
0.000010 0.000010 0.990704 0.000010 0.000010 0.000010 0.000010 0.009236
0.000010 0.004161 0.548150 0.332225 0.012279 0.032001 0.045557 0.025617
0.422192 0.012785 0.019344 0.452091 0.000010 0.000010 0.093558 0.000010
0.452130 0.018994 0.018813 0.484879 0.000010 0.000010 0.000010 0.025154
0.229421 0.038564 0.071097 0.515974 0.040279 0.026144 0.063019 0.015502
0.151705 0.036177 0.046632 0.613553 0.010665 0.039293 0.064196 0.037778
0.097193 0.068626 0.061834 0.625961 0.020571 0.028893 0.083748 0.013173
0.041892 0.095826 0.092276 0.714370 0.000010 0.002007 0.006453 0.047166
0.999930 0.000010 0.000010 0.000010 0.000010 0.000010 0.000010 0.000010
0.502310 0.040553 0.037377 0.324768 0.000010 0.017113 0.052259 0.025610
0.423589 0.034855 0.034678 0.446023 0.000010 0.000010 0.049039 0.011796
0.019862 0.047529 0.074001 0.628689 0.022932 0.060692 0.066353 0.079943
0.441823 0.000010 0.016362 0.453126 0.000677 0.020357 0.057284 0.010362
0.561959 0.000010 0.032353 0.238295 0.000010 0.039905 0.110043 0.017426
0.260966 0.156772 0.086024 0.447848 0.000010 0.000010 0.025460 0.022910
0.825940 0.000010 0.000010 0.174000 0.000010 0.000010 0.000010 0.000010
0.011967 0.055628 0.065484 0.793019 0.039947 0.000010 0.022120 0.011825
0.000010 0.044550 0.077701 0.778205 0.023962 0.039754 0.012473 0.023346
0.010155 0.043652 0.082462 0.782661 0.006534 0.031862 0.005655 0.037019
0.019140 0.033866 0.102764 0.725527 0.012708 0.062988 0.026056 0.016951
0.000705 0.052794 0.050284 0.829300 0.020859 0.020937 0.017532 0.007589
0.037851 0.034134 0.051368 0.767139 0.038112 0.033716 0.015334 0.022346
0.021845 0.034216 0.107292 0.781753 0.000010 0.014938 0.012340 0.027606
0.016162 0.034262 0.078610 0.775841 0.034176 0.038310 0.019581 0.003060
0.018712 0.017526 0.179809 0.575498 0.023988 0.038470 0.118082 0.027916
0.008759 0.031492 0.177188 0.530158 0.062225 0.005701 0.166226 0.018251
0.013346 0.030593 0.144658 0.623595 0.043633 0.000010 0.134605 0.009560
0.001370 0.030499 0.154011 0.657757 0.011706 0.027880 0.107625 0.009152
0.000010 0.005752 0.198106 0.530066 0.063016 0.000010 0.194800 0.008240
0.000010 0.005869 0.198817 0.532698 0.062902 0.000010 0.192649 0.007045
0.007229 0.011431 0.076843 0.756864 0.087323 0.024335 0.035965 0.000010
0.022598 0.019407 0.108746 0.688379 0.016217 0.072414 0.046852 0.025388
0.000010 0.042508 0.077038 0.780861 0.084889 0.000010 0.014674 0.000010
0.013902 0.032000 0.104367 0.751192 0.039125 0.030204 0.025456 0.003754
0.000010 0.030352 0.091500 0.796753 0.067417 0.000010 0.012309 0.001649
0.039535 0.007939 0.096660 0.637728 0.078055 0.050016 0.051650 0.038417
0.019167 0.019391 0.171077 0.718531 0.000010 0.000010 0.041327 0.030486
0.001165 0.025914 0.065109 0.791051 0.082100 0.000010 0.034354 0.000298
0.000010 0.000010 0.034815 0.944400 0.007774 0.000010 0.012971 0.000010
0.000010 0.000010 0.035382 0.944481 0.006338 0.000010 0.013759 0.000010
0.000505 0.017454 0.054732 0.880671 0.041485 0.000464 0.000010 0.004678
0.000010 0.027169 0.014816 0.926026 0.031949 0.000010 0.000010 0.000010
0.000010 0.022339 0.041036 0.856033 0.043100 0.036705 0.000010 0.000767
0.007310 0.033651 0.049657 0.859220 0.003801 0.040400 0.005951 0.000010
0.000010 0.046300 0.010031 0.911869 0.027993 0.000010 0.003777 0.000010
0.004426 0.011226 0.053395 0.879211 0.026817 0.015311 0.000010 0.009603
0.003279 0.036599 0.037252 0.841024 0.048787 0.000010 0.000010 0.033040
0.000010 0.002875 0.064776 0.866430 0.041663 0.018837 0.005398 0.000010
0.003831 0.018054 0.037047 0.874167 0.044682 0.009322 0.012888 0.000010
0.015276 0.037596 0.058400 0.851506 0.016321 0.008295 0.012596 0.000010
0.000010 0.035959 0.074710 0.857535 0.000010 0.013769 0.005470 0.012537
0.004444 0.046069 0.053820 0.842615 0.013183 0.009111 0.023323 0.007434
0.000010 0.008639 0.050404 0.863187 0.035189 0.028471 0.014090 0.000010
0.030789 0.032358 0.064477 0.762534 0.025972 0.027219 0.042509 0.014139
0.001693 0.024594 0.063803 0.852610 0.029708 0.027572 0.000010 0.000010
0.000010 0.029287 0.071878 0.844080 0.005919 0.022313 0.012680 0.013831
0.999930 0.000010 0.000010 0.000010 0.000010 0.000010 0.000010 0.000010
0.999930 0.000010 0.000010 0.000010 0.000010 0.000010 0.000010 0.000010
0.999929 0.000010 0.000010 0.000011 0.000010 0.000010 0.000010 0.000010
0.605103 0.010762 0.000010 0.302553 0.000010 0.000010 0.053326 0.028226
0.038085 0.029920 0.190514 0.478495 0.062409 0.000733 0.165217 0.034626
0.999929 0.000011 0.000010 0.000010 0.000010 0.000010 0.000010 0.000010
0.042343 0.000010 0.132057 0.617788 0.012332 0.056752 0.098061 0.040657
0.005907 0.053480 0.183081 0.574080 0.026309 0.046729 0.080360 0.030054
0.020210 0.024523 0.163128 0.617572 0.027882 0.019427 0.112040 0.015219
0.019717 0.009049 0.137152 0.617492 0.031122 0.042518 0.107860 0.035090
0.001044 0.029098 0.077745 0.840388 0.015751 0.005249 0.022258 0.008467
0.076282 0.000770 0.091160 0.196349 0.000010 0.043819 0.053848 0.537761
0.000010 0.028332 0.047554 0.345007 0.000010 0.022434 0.018560 0.538093
0.070033 0.014195 0.048009 0.291851 0.000010 0.000010 0.076952 0.498941
0.218360 0.000010 0.015228 0.197004 0.000010 0.560987 0.008391 0.000010
0.033913 0.037734 0.135650 0.683382 0.020889 0.021699 0.049130 0.017604
0.012726 0.030059 0.119914 0.722091 0.009371 0.056847 0.019284 0.029709
0.038614 0.017437 0.113013 0.787441 0.012906 0.021889 0.008690 0.000010
0.015326 0.012419 0.109543 0.821158 0.004817 0.022797 0.004885 0.009055
0.011691 0.006574 0.082472 0.745497 0.022597 0.058696 0.056062 0.016411
0.000010 0.000010 0.000010 0.902408 0.097526 0.000010 0.000016 0.000010
0.000010 0.000010 0.000010 0.902600 0.097340 0.000010 0.000010 0.000010
0.000010 0.000010 0.000010 0.901669 0.098271 0.000010 0.000010 0.000010
0.013233 0.013354 0.049282 0.863808 0.032768 0.024437 0.003109 0.000010
0.000010 0.009175 0.026038 0.936590 0.000010 0.025025 0.003143 0.000010
0.000010 0.000010 0.010438 0.943269 0.000010 0.046243 0.000010 0.000010
0.000010 0.000010 0.000010 0.926860 0.000010 0.046298 0.021527 0.005275
0.000010 0.012690 0.040642 0.894520 0.000010 0.036191 0.002066 0.013872
0.009152 0.009268 0.052061 0.864428 0.018830 0.041365 0.000010 0.004886
0.000010 0.037207 0.050158 0.848010 0.024743 0.000010 0.037440 0.002422
0.000010 0.021448 0.066561 0.846157 0.007749 0.021430 0.008845 0.027801
0.000010 0.031175 0.083011 0.776213 0.078135 0.000383 0.022781 0.008292
0.000010 0.016109 0.068271 0.770020 0.052895 0.000010 0.092675 0.000010
0.014131 0.041851 0.045715 0.866522 0.022317 0.009445 0.000010 0.000010
0.028259 0.000010 0.063541 0.817860 0.036558 0.033600 0.020162 0.000010
0.000010 0.018654 0.068301 0.857412 0.000010 0.033992 0.016230 0.005390
0.025504 0.022083 0.050747 0.841379 0.000010 0.028850 0.008233 0.023194
0.004414 0.047782 0.088106 0.787503 0.000010 0.030742 0.000010 0.041432
0.025059 0.032066 0.060850 0.864394 0.000010 0.000010 0.000010 0.017601
0.032105 0.032585 0.075928 0.802113 0.005569 0.040344 0.000010 0.011346
0.026795 0.032685 0.045207 0.830465 0.015459 0.019568 0.020541 0.009280
0.000010 0.000010 0.000010 0.000010 0.000010 0.999930 0.000010 0.000010
0.039602 0.129813 0.009431 0.045574 0.000010 0.550372 0.105579 0.119618
0.000010 0.000010 0.000010 0.000010 0.000010 0.511395 0.000010 0.488545
0.000010 0.000010 0.064447 0.000010 0.000010 0.929112 0.000010 0.006391
0.000010 0.999930 0.000010 0.000010 0.000010 0.000010 0.000010 0.000010
0.000010 0.000010 0.000010 0.000010 0.000010 0.999930 0.000010 0.000010
0.000010 0.000010 0.999930 0.000010 0.000010 0.000010 0.000010 0.000010
0.000010 0.000010 0.999927 0.000013 0.000010 0.000010 0.000010 0.000010
0.000010 0.053289 0.011185 0.265854 0.001880 0.114959 0.001933 0.550890
0.562754 0.015375 0.053315 0.259589 0.000010 0.024164 0.084783 0.000010
0.562872 0.015717 0.053166 0.260450 0.000010 0.023916 0.083859 0.000010
0.000010 0.000013 0.000017 0.000010 0.000010 0.000010 0.000010 0.999921
0.000010 0.000013 0.000010 0.000010 0.000014 0.000010 0.000010 0.999922
0.000010 0.999930 0.000010 0.000010 0.000010 0.000010 0.000010 0.000010
0.000010 0.368583 0.098508 0.356614 0.000010 0.119984 0.056282 0.000010
0.000010 0.370667 0.098305 0.356195 0.000010 0.121118 0.053685 0.000010
0.824898 0.000010 0.000010 0.175042 0.000010 0.000010 0.000010 0.000010
0.999919 0.000012 0.000010 0.000016 0.000010 0.000010 0.000014 0.000010
0.000010 0.450040 0.058374 0.289723 0.000010 0.080893 0.110055 0.010894
0.000010 0.999930 0.000010 0.000010 0.000010 0.000010 0.000010 0.000010
0.008021 0.229904 0.069330 0.359646 0.000237 0.219870 0.076383 0.036609
0.000010 0.999930 0.000010 0.000010 0.000010 0.000010 0.000010 0.000010
0.000010 0.000010 0.000010 0.000010 0.000010 0.999930 0.000010 0.000010
0.000010 0.000010 0.000010 0.000010 0.000010 0.000010 0.000010 0.999930
0.000011 0.000010 0.000012 0.000010 0.000010 0.000010 0.000010 0.999927
0.999930 0.000010 0.000010 0.000010 0.000010 0.000010 0.000010 0.000010
0.999930 0.000010 0.000010 0.000010 0.000010 0.000010 0.000010 0.000010
0.000010 0.021392 0.054462 0.834048 0.079194 0.000010 0.009645 0.001239
0.999921 0.000014 0.000010 0.000010 0.000010 0.000010 0.000015 0.000010
0.000010 0.024797 0.036715 0.849595 0.056164 0.020623 0.007134 0.004962
0.000010 0.000010 0.000010 0.627856 0.372084 0.000010 0.000010 0.000010
0.000010 0.000010 0.000010 0.688180 0.311760 0.000010 0.000010 0.000010
0.000010 0.000010 0.000010 0.743963 0.254955 0.001032 0.000010 0.000010
0.000010 0.000010 0.000010 0.637006 0.362934 0.000010 0.000010 0.000010
0.000010 0.000010 0.000010 0.572212 0.427728 0.000010 0.000010 0.000010
0.000010 0.000010 0.000010 0.719689 0.280251 0.000010 0.000010 0.000010
0.000010 0.000010 0.000010 0.615829 0.384111 0.000010 0.000010 0.000010
0.000010 0.012064 0.000010 0.701596 0.286289 0.000010 0.000010 0.000010
0.000010 0.000010 0.000010 0.681896 0.318044 0.000010 0.000010 0.000010
0.000010 0.000010 0.000010 0.668064 0.331876 0.000010 0.000010 0.000010
0.000010 0.000010 0.000010 0.710188 0.289752 0.000010 0.000010 0.000010
0.000012 0.000010 0.000010 0.000010 0.000010 0.000010 0.000010 0.999928
0.999930 0.000010 0.000010 0.000010 0.000010 0.000010 0.000010 0.000010
0.000012 0.000010 0.000010 0.000010 0.000010 0.000010 0.000010 0.999928
0.000010 0.000010 0.022066 0.819662 0.123962 0.014316 0.000010 0.019964
0.000010 0.015740 0.053722 0.755946 0.137651 0.022359 0.014563 0.000010
0.000010 0.022725 0.005650 0.825395 0.116730 0.000010 0.023544 0.005937
0.004352 0.022822 0.012273 0.852747 0.081341 0.006576 0.019879 0.000010
0.000010 0.019374 0.000727 0.818624 0.135965 0.000010 0.025280 0.000010
0.000010 0.014241 0.028750 0.857895 0.092421 0.000010 0.006662 0.000010
0.000010 0.000010 0.000010 0.252010 0.747930 0.000010 0.000010 0.000010
0.000010 0.000010 0.000010 0.000010 0.999930 0.000010 0.000010 0.000010
0.000010 0.000010 0.000010 0.000010 0.999930 0.000010 0.000010 0.000010
0.000010 0.000010 0.000010 0.000010 0.999930 0.000010 0.000010 0.000010
0.000010 0.000010 0.000010 0.000010 0.999930 0.000010 0.000010 0.000010
0.000010 0.000010 0.000010 0.000010 0.999930 0.000010 0.000010 0.000010
0.000010 0.000010 0.000010 0.000010 0.999930 0.000010 0.000010 0.000010
0.019259 0.025519 0.066071 0.091890 0.113339 0.000010 0.664555 0.019356
0.017736 0.012063 0.054457 0.110238 0.115494 0.004656 0.653254 0.032102
0.026868 0.026510 0.051988 0.033932 0.142424 0.000010 0.692237 0.026030
0.000010 0.000010 0.000010 0.821375 0.178565 0.000010 0.000010 0.000010
0.000010 0.013733 0.000010 0.861748 0.117956 0.000010 0.000010 0.006522
0.000010 0.000010 0.000010 0.822232 0.177708 0.000010 0.000010 0.000010
0.000010 0.000010 0.000010 0.846338 0.145148 0.008463 0.000010 0.000010
0.000010 0.000010 0.045550 0.813654 0.133586 0.007171 0.000010 0.000010
0.000010 0.016139 0.000010 0.851798 0.130393 0.000010 0.000010 0.001630
